/*--------------------------------*- C++ -*----------------------------------*\
| =========                 |                                                 |
| \\      /  F ield         | OpenFOAM: The Open Source CFD Toolbox           |
|  \\    /   O peration     | Version:  2412                                  |
|   \\  /    A nd           | Website:  www.openfoam.com                      |
|    \\/     M anipulation  |                                                 |
\*---------------------------------------------------------------------------*/
FoamFile
{
    version     2.0;
    format      ascii;
    arch        "LSB;label=32;scalar=64";
    class       faceList;
    location    "constant/polyMesh";
    object      faces;
}
// * * * * * * * * * * * * * * * * * * * * * * * * * * * * * * * * * * * * * //


420
(
4(37 80 170 98)
4(12 98 170 55)
4(36 79 171 99)
4(98 99 171 170)
4(35 78 172 100)
4(99 100 172 171)
4(34 77 173 101)
4(100 101 173 172)
4(33 76 174 102)
4(101 102 174 173)
4(32 75 175 103)
4(102 103 175 174)
4(31 74 176 104)
4(103 104 176 175)
4(30 73 177 105)
4(104 105 177 176)
4(29 72 178 106)
4(105 106 178 177)
4(106 28 71 178)
4(98 170 179 107)
4(13 107 179 56)
4(99 171 180 108)
4(107 108 180 179)
4(100 172 181 109)
4(108 109 181 180)
4(101 173 182 110)
4(109 110 182 181)
4(102 174 183 111)
4(110 111 183 182)
4(103 175 184 112)
4(111 112 184 183)
4(104 176 185 113)
4(112 113 185 184)
4(105 177 186 114)
4(113 114 186 185)
4(106 178 187 115)
4(114 115 187 186)
4(115 27 70 187)
4(107 179 188 116)
4(14 116 188 57)
4(108 180 189 117)
4(116 117 189 188)
4(109 181 190 118)
4(117 118 190 189)
4(110 182 191 119)
4(118 119 191 190)
4(111 183 192 120)
4(119 120 192 191)
4(112 184 193 121)
4(120 121 193 192)
4(113 185 194 122)
4(121 122 194 193)
4(114 186 195 123)
4(122 123 195 194)
4(115 187 196 124)
4(123 124 196 195)
4(124 26 69 196)
4(116 188 197 125)
4(15 125 197 58)
4(117 189 198 126)
4(125 126 198 197)
4(118 190 199 127)
4(126 127 199 198)
4(119 191 200 128)
4(127 128 200 199)
4(120 192 201 129)
4(128 129 201 200)
4(121 193 202 130)
4(129 130 202 201)
4(122 194 203 131)
4(130 131 203 202)
4(123 195 204 132)
4(131 132 204 203)
4(124 196 205 133)
4(132 133 205 204)
4(133 25 68 205)
4(125 197 59 16)
4(1 16 59 7)
4(126 198 60 17)
4(16 17 60 59)
4(127 199 61 18)
4(17 18 61 60)
4(128 200 62 19)
4(18 19 62 61)
4(129 201 63 20)
4(19 20 63 62)
4(130 202 64 21)
4(20 21 64 63)
4(131 203 65 22)
4(21 22 65 64)
4(132 204 66 23)
4(22 23 66 65)
4(133 205 67 24)
4(23 24 67 66)
4(24 4 8 67)
4(16 59 206 134)
4(38 134 206 81)
4(17 60 207 135)
4(134 135 207 206)
4(18 61 208 136)
4(135 136 208 207)
4(19 62 209 137)
4(136 137 209 208)
4(20 63 210 138)
4(137 138 210 209)
4(21 64 211 139)
4(138 139 211 210)
4(22 65 212 140)
4(139 140 212 211)
4(23 66 213 141)
4(140 141 213 212)
4(24 67 214 142)
4(141 142 214 213)
4(142 54 97 214)
4(134 206 215 143)
4(39 143 215 82)
4(135 207 216 144)
4(143 144 216 215)
4(136 208 217 145)
4(144 145 217 216)
4(137 209 218 146)
4(145 146 218 217)
4(138 210 219 147)
4(146 147 219 218)
4(139 211 220 148)
4(147 148 220 219)
4(140 212 221 149)
4(148 149 221 220)
4(141 213 222 150)
4(149 150 222 221)
4(142 214 223 151)
4(150 151 223 222)
4(151 53 96 223)
4(143 215 224 152)
4(40 152 224 83)
4(144 216 225 153)
4(152 153 225 224)
4(145 217 226 154)
4(153 154 226 225)
4(146 218 227 155)
4(154 155 227 226)
4(147 219 228 156)
4(155 156 228 227)
4(148 220 229 157)
4(156 157 229 228)
4(149 221 230 158)
4(157 158 230 229)
4(150 222 231 159)
4(158 159 231 230)
4(151 223 232 160)
4(159 160 232 231)
4(160 52 95 232)
4(152 224 233 161)
4(41 161 233 84)
4(153 225 234 162)
4(161 162 234 233)
4(154 226 235 163)
4(162 163 235 234)
4(155 227 236 164)
4(163 164 236 235)
4(156 228 237 165)
4(164 165 237 236)
4(157 229 238 166)
4(165 166 238 237)
4(158 230 239 167)
4(166 167 239 238)
4(159 231 240 168)
4(167 168 240 239)
4(160 232 241 169)
4(168 169 241 240)
4(169 51 94 241)
4(161 233 85 42)
4(162 234 86 43)
4(163 235 87 44)
4(164 236 88 45)
4(165 237 89 46)
4(166 238 90 47)
4(167 239 91 48)
4(168 240 92 49)
4(169 241 93 50)
4(0 37 98 12)
4(37 36 99 98)
4(36 35 100 99)
4(35 34 101 100)
4(34 33 102 101)
4(33 32 103 102)
4(32 31 104 103)
4(31 30 105 104)
4(30 29 106 105)
4(29 5 28 106)
4(12 98 107 13)
4(98 99 108 107)
4(99 100 109 108)
4(100 101 110 109)
4(101 102 111 110)
4(102 103 112 111)
4(103 104 113 112)
4(104 105 114 113)
4(105 106 115 114)
4(106 28 27 115)
4(13 107 116 14)
4(107 108 117 116)
4(108 109 118 117)
4(109 110 119 118)
4(110 111 120 119)
4(111 112 121 120)
4(112 113 122 121)
4(113 114 123 122)
4(114 115 124 123)
4(115 27 26 124)
4(14 116 125 15)
4(116 117 126 125)
4(117 118 127 126)
4(118 119 128 127)
4(119 120 129 128)
4(120 121 130 129)
4(121 122 131 130)
4(122 123 132 131)
4(123 124 133 132)
4(124 26 25 133)
4(15 125 16 1)
4(125 126 17 16)
4(126 127 18 17)
4(127 128 19 18)
4(128 129 20 19)
4(129 130 21 20)
4(130 131 22 21)
4(131 132 23 22)
4(132 133 24 23)
4(133 25 4 24)
4(1 16 134 38)
4(16 17 135 134)
4(17 18 136 135)
4(18 19 137 136)
4(19 20 138 137)
4(20 21 139 138)
4(21 22 140 139)
4(22 23 141 140)
4(23 24 142 141)
4(24 4 54 142)
4(38 134 143 39)
4(134 135 144 143)
4(135 136 145 144)
4(136 137 146 145)
4(137 138 147 146)
4(138 139 148 147)
4(139 140 149 148)
4(140 141 150 149)
4(141 142 151 150)
4(142 54 53 151)
4(39 143 152 40)
4(143 144 153 152)
4(144 145 154 153)
4(145 146 155 154)
4(146 147 156 155)
4(147 148 157 156)
4(148 149 158 157)
4(149 150 159 158)
4(150 151 160 159)
4(151 53 52 160)
4(40 152 161 41)
4(152 153 162 161)
4(153 154 163 162)
4(154 155 164 163)
4(155 156 165 164)
4(156 157 166 165)
4(157 158 167 166)
4(158 159 168 167)
4(159 160 169 168)
4(160 52 51 169)
4(41 161 42 2)
4(161 162 43 42)
4(162 163 44 43)
4(163 164 45 44)
4(164 165 46 45)
4(165 166 47 46)
4(166 167 48 47)
4(167 168 49 48)
4(168 169 50 49)
4(169 51 3 50)
4(0 12 55 6)
4(12 13 56 55)
4(13 14 57 56)
4(14 15 58 57)
4(15 1 7 58)
4(1 38 81 7)
4(38 39 82 81)
4(39 40 83 82)
4(40 41 84 83)
4(41 2 10 84)
4(5 9 71 28)
4(28 71 70 27)
4(27 70 69 26)
4(26 69 68 25)
4(25 68 8 4)
4(4 8 97 54)
4(54 97 96 53)
4(53 96 95 52)
4(52 95 94 51)
4(51 94 11 3)
4(0 6 80 37)
4(37 80 79 36)
4(36 79 78 35)
4(35 78 77 34)
4(34 77 76 33)
4(33 76 75 32)
4(32 75 74 31)
4(31 74 73 30)
4(30 73 72 29)
4(29 72 9 5)
4(6 55 170 80)
4(80 170 171 79)
4(79 171 172 78)
4(78 172 173 77)
4(77 173 174 76)
4(76 174 175 75)
4(75 175 176 74)
4(74 176 177 73)
4(73 177 178 72)
4(72 178 71 9)
4(55 56 179 170)
4(170 179 180 171)
4(171 180 181 172)
4(172 181 182 173)
4(173 182 183 174)
4(174 183 184 175)
4(175 184 185 176)
4(176 185 186 177)
4(177 186 187 178)
4(178 187 70 71)
4(56 57 188 179)
4(179 188 189 180)
4(180 189 190 181)
4(181 190 191 182)
4(182 191 192 183)
4(183 192 193 184)
4(184 193 194 185)
4(185 194 195 186)
4(186 195 196 187)
4(187 196 69 70)
4(57 58 197 188)
4(188 197 198 189)
4(189 198 199 190)
4(190 199 200 191)
4(191 200 201 192)
4(192 201 202 193)
4(193 202 203 194)
4(194 203 204 195)
4(195 204 205 196)
4(196 205 68 69)
4(58 7 59 197)
4(197 59 60 198)
4(198 60 61 199)
4(199 61 62 200)
4(200 62 63 201)
4(201 63 64 202)
4(202 64 65 203)
4(203 65 66 204)
4(204 66 67 205)
4(205 67 8 68)
4(7 81 206 59)
4(59 206 207 60)
4(60 207 208 61)
4(61 208 209 62)
4(62 209 210 63)
4(63 210 211 64)
4(64 211 212 65)
4(65 212 213 66)
4(66 213 214 67)
4(67 214 97 8)
4(81 82 215 206)
4(206 215 216 207)
4(207 216 217 208)
4(208 217 218 209)
4(209 218 219 210)
4(210 219 220 211)
4(211 220 221 212)
4(212 221 222 213)
4(213 222 223 214)
4(214 223 96 97)
4(82 83 224 215)
4(215 224 225 216)
4(216 225 226 217)
4(217 226 227 218)
4(218 227 228 219)
4(219 228 229 220)
4(220 229 230 221)
4(221 230 231 222)
4(222 231 232 223)
4(223 232 95 96)
4(83 84 233 224)
4(224 233 234 225)
4(225 234 235 226)
4(226 235 236 227)
4(227 236 237 228)
4(228 237 238 229)
4(229 238 239 230)
4(230 239 240 231)
4(231 240 241 232)
4(232 241 94 95)
4(84 10 85 233)
4(233 85 86 234)
4(234 86 87 235)
4(235 87 88 236)
4(236 88 89 237)
4(237 89 90 238)
4(238 90 91 239)
4(239 91 92 240)
4(240 92 93 241)
4(241 93 11 94)
4(2 42 85 10)
4(42 43 86 85)
4(43 44 87 86)
4(44 45 88 87)
4(45 46 89 88)
4(46 47 90 89)
4(47 48 91 90)
4(48 49 92 91)
4(49 50 93 92)
4(50 3 11 93)
)


// ************************************************************************* //
