/*--------------------------------*- C++ -*----------------------------------*\
| =========                 |                                                 |
| \\      /  F ield         | OpenFOAM: The Open Source CFD Toolbox           |
|  \\    /   O peration     | Version:  2412                                  |
|   \\  /    A nd           | Website:  www.openfoam.com                      |
|    \\/     M anipulation  |                                                 |
\*---------------------------------------------------------------------------*/
FoamFile
{
    version     2.0;
    format      ascii;
    arch        "LSB;label=32;scalar=64";
    class       faceList;
    location    "constant/rightDielectric/polyMesh";
    object      faces;
}
// * * * * * * * * * * * * * * * * * * * * * * * * * * * * * * * * * * * * * //


215
(
4(8 34 96 60)
4(17 60 96 43)
4(9 35 97 61)
4(60 61 97 96)
4(10 36 98 62)
4(61 62 98 97)
4(11 37 99 63)
4(62 63 99 98)
4(12 38 100 64)
4(63 64 100 99)
4(13 39 101 65)
4(64 65 101 100)
4(14 40 102 66)
4(65 66 102 101)
4(15 41 103 67)
4(66 67 103 102)
4(16 42 104 68)
4(67 68 104 103)
4(68 33 59 104)
4(60 96 105 69)
4(18 69 105 44)
4(61 97 106 70)
4(69 70 106 105)
4(62 98 107 71)
4(70 71 107 106)
4(63 99 108 72)
4(71 72 108 107)
4(64 100 109 73)
4(72 73 109 108)
4(65 101 110 74)
4(73 74 110 109)
4(66 102 111 75)
4(74 75 111 110)
4(67 103 112 76)
4(75 76 112 111)
4(68 104 113 77)
4(76 77 113 112)
4(77 32 58 113)
4(69 105 114 78)
4(19 78 114 45)
4(70 106 115 79)
4(78 79 115 114)
4(71 107 116 80)
4(79 80 116 115)
4(72 108 117 81)
4(80 81 117 116)
4(73 109 118 82)
4(81 82 118 117)
4(74 110 119 83)
4(82 83 119 118)
4(75 111 120 84)
4(83 84 120 119)
4(76 112 121 85)
4(84 85 121 120)
4(77 113 122 86)
4(85 86 122 121)
4(86 31 57 122)
4(78 114 123 87)
4(20 87 123 46)
4(79 115 124 88)
4(87 88 124 123)
4(80 116 125 89)
4(88 89 125 124)
4(81 117 126 90)
4(89 90 126 125)
4(82 118 127 91)
4(90 91 127 126)
4(83 119 128 92)
4(91 92 128 127)
4(84 120 129 93)
4(92 93 129 128)
4(85 121 130 94)
4(93 94 130 129)
4(86 122 131 95)
4(94 95 131 130)
4(95 30 56 131)
4(87 123 47 21)
4(88 124 48 22)
4(89 125 49 23)
4(90 126 50 24)
4(91 127 51 25)
4(92 128 52 26)
4(93 129 53 27)
4(94 130 54 28)
4(95 131 55 29)
4(0 8 60 17)
4(8 9 61 60)
4(9 10 62 61)
4(10 11 63 62)
4(11 12 64 63)
4(12 13 65 64)
4(13 14 66 65)
4(14 15 67 66)
4(15 16 68 67)
4(16 3 33 68)
4(17 60 69 18)
4(60 61 70 69)
4(61 62 71 70)
4(62 63 72 71)
4(63 64 73 72)
4(64 65 74 73)
4(65 66 75 74)
4(66 67 76 75)
4(67 68 77 76)
4(68 33 32 77)
4(18 69 78 19)
4(69 70 79 78)
4(70 71 80 79)
4(71 72 81 80)
4(72 73 82 81)
4(73 74 83 82)
4(74 75 84 83)
4(75 76 85 84)
4(76 77 86 85)
4(77 32 31 86)
4(19 78 87 20)
4(78 79 88 87)
4(79 80 89 88)
4(80 81 90 89)
4(81 82 91 90)
4(82 83 92 91)
4(83 84 93 92)
4(84 85 94 93)
4(85 86 95 94)
4(86 31 30 95)
4(20 87 21 1)
4(87 88 22 21)
4(88 89 23 22)
4(89 90 24 23)
4(90 91 25 24)
4(91 92 26 25)
4(92 93 27 26)
4(93 94 28 27)
4(94 95 29 28)
4(95 30 2 29)
4(0 17 43 4)
4(17 18 44 43)
4(18 19 45 44)
4(19 20 46 45)
4(20 1 6 46)
4(3 5 59 33)
4(33 59 58 32)
4(32 58 57 31)
4(31 57 56 30)
4(30 56 7 2)
4(4 43 96 34)
4(34 96 97 35)
4(35 97 98 36)
4(36 98 99 37)
4(37 99 100 38)
4(38 100 101 39)
4(39 101 102 40)
4(40 102 103 41)
4(41 103 104 42)
4(42 104 59 5)
4(43 44 105 96)
4(96 105 106 97)
4(97 106 107 98)
4(98 107 108 99)
4(99 108 109 100)
4(100 109 110 101)
4(101 110 111 102)
4(102 111 112 103)
4(103 112 113 104)
4(104 113 58 59)
4(44 45 114 105)
4(105 114 115 106)
4(106 115 116 107)
4(107 116 117 108)
4(108 117 118 109)
4(109 118 119 110)
4(110 119 120 111)
4(111 120 121 112)
4(112 121 122 113)
4(113 122 57 58)
4(45 46 123 114)
4(114 123 124 115)
4(115 124 125 116)
4(116 125 126 117)
4(117 126 127 118)
4(118 127 128 119)
4(119 128 129 120)
4(120 129 130 121)
4(121 130 131 122)
4(122 131 56 57)
4(46 6 47 123)
4(123 47 48 124)
4(124 48 49 125)
4(125 49 50 126)
4(126 50 51 127)
4(127 51 52 128)
4(128 52 53 129)
4(129 53 54 130)
4(130 54 55 131)
4(131 55 7 56)
4(1 21 47 6)
4(21 22 48 47)
4(22 23 49 48)
4(23 24 50 49)
4(24 25 51 50)
4(25 26 52 51)
4(26 27 53 52)
4(27 28 54 53)
4(28 29 55 54)
4(29 2 7 55)
4(0 4 34 8)
4(8 34 35 9)
4(9 35 36 10)
4(10 36 37 11)
4(11 37 38 12)
4(12 38 39 13)
4(13 39 40 14)
4(14 40 41 15)
4(15 41 42 16)
4(16 42 5 3)
)


// ************************************************************************* //
