/*--------------------------------*- C++ -*----------------------------------*\
| =========                 |                                                 |
| \\      /  F ield         | OpenFOAM: The Open Source CFD Toolbox           |
|  \\    /   O peration     | Version:  2412                                  |
|   \\  /    A nd           | Website:  www.openfoam.com                      |
|    \\/     M anipulation  |                                                 |
\*---------------------------------------------------------------------------*/
FoamFile
{
    version     2.0;
    format      ascii;
    arch        "LSB;label=32;scalar=64";
    class       vectorField;
    location    "constant/leftFluid/polyMesh";
    object      points;
}
// * * * * * * * * * * * * * * * * * * * * * * * * * * * * * * * * * * * * * //


132
(
(0 0 0)
(0.5 0 0)
(0.5 1 0)
(0 1 0)
(0 0 0.1)
(0.5 0 0.1)
(0.5 1 0.1)
(0 1 0.1)
(0.1 0 0)
(0.2 0 0)
(0.3 0 0)
(0.4 0 0)
(0.5 0.1 0)
(0.5 0.2 0)
(0.5 0.3 0)
(0.5 0.4 0)
(0.5 0.5 0)
(0.5 0.6 0)
(0.5 0.7 0)
(0.5 0.8 0)
(0.5 0.9 0)
(0.4 1 0)
(0.3 1 0)
(0.2 1 0)
(0.1 1 0)
(0 0.9 0)
(0 0.8 0)
(0 0.7 0)
(0 0.6 0)
(0 0.5 0)
(0 0.4 0)
(0 0.3 0)
(0 0.2 0)
(0 0.1 0)
(0.1 0 0.1)
(0.2 0 0.1)
(0.3 0 0.1)
(0.4 0 0.1)
(0.5 0.1 0.1)
(0.5 0.2 0.1)
(0.5 0.3 0.1)
(0.5 0.4 0.1)
(0.5 0.5 0.1)
(0.5 0.6 0.1)
(0.5 0.7 0.1)
(0.5 0.8 0.1)
(0.5 0.9 0.1)
(0.4 1 0.1)
(0.3 1 0.1)
(0.2 1 0.1)
(0.1 1 0.1)
(0 0.9 0.1)
(0 0.8 0.1)
(0 0.7 0.1)
(0 0.6 0.1)
(0 0.5 0.1)
(0 0.4 0.1)
(0 0.3 0.1)
(0 0.2 0.1)
(0 0.1 0.1)
(0.1 0.1 0)
(0.1 0.2 0)
(0.1 0.3 0)
(0.1 0.4 0)
(0.1 0.5 0)
(0.1 0.6 0)
(0.1 0.7 0)
(0.1 0.8 0)
(0.1 0.9 0)
(0.2 0.1 0)
(0.2 0.2 0)
(0.2 0.3 0)
(0.2 0.4 0)
(0.2 0.5 0)
(0.2 0.6 0)
(0.2 0.7 0)
(0.2 0.8 0)
(0.2 0.9 0)
(0.3 0.1 0)
(0.3 0.2 0)
(0.3 0.3 0)
(0.3 0.4 0)
(0.3 0.5 0)
(0.3 0.6 0)
(0.3 0.7 0)
(0.3 0.8 0)
(0.3 0.9 0)
(0.4 0.1 0)
(0.4 0.2 0)
(0.4 0.3 0)
(0.4 0.4 0)
(0.4 0.5 0)
(0.4 0.6 0)
(0.4 0.7 0)
(0.4 0.8 0)
(0.4 0.9 0)
(0.1 0.1 0.1)
(0.1 0.2 0.1)
(0.1 0.3 0.1)
(0.1 0.4 0.1)
(0.1 0.5 0.1)
(0.1 0.6 0.1)
(0.1 0.7 0.1)
(0.1 0.8 0.1)
(0.1 0.9 0.1)
(0.2 0.1 0.1)
(0.2 0.2 0.1)
(0.2 0.3 0.1)
(0.2 0.4 0.1)
(0.2 0.5 0.1)
(0.2 0.6 0.1)
(0.2 0.7 0.1)
(0.2 0.8 0.1)
(0.2 0.9 0.1)
(0.3 0.1 0.1)
(0.3 0.2 0.1)
(0.3 0.3 0.1)
(0.3 0.4 0.1)
(0.3 0.5 0.1)
(0.3 0.6 0.1)
(0.3 0.7 0.1)
(0.3 0.8 0.1)
(0.3 0.9 0.1)
(0.4 0.1 0.1)
(0.4 0.2 0.1)
(0.4 0.3 0.1)
(0.4 0.4 0.1)
(0.4 0.5 0.1)
(0.4 0.6 0.1)
(0.4 0.7 0.1)
(0.4 0.8 0.1)
(0.4 0.9 0.1)
)


// ************************************************************************* //
