/*--------------------------------*- C++ -*----------------------------------*\
| =========                 |                                                 |
| \\      /  F ield         | OpenFOAM: The Open Source CFD Toolbox           |
|  \\    /   O peration     | Version:  2412                                  |
|   \\  /    A nd           | Website:  www.openfoam.com                      |
|    \\/     M anipulation  |                                                 |
\*---------------------------------------------------------------------------*/
FoamFile
{
    version     2.0;
    format      ascii;
    arch        "LSB;label=32;scalar=64";
    class       faceList;
    location    "constant/leftGas/polyMesh";
    object      faces;
}
// * * * * * * * * * * * * * * * * * * * * * * * * * * * * * * * * * * * * * //


215
(
4(33 59 96 60)
4(8 60 96 34)
4(32 58 97 61)
4(60 61 97 96)
4(31 57 98 62)
4(61 62 98 97)
4(30 56 99 63)
4(62 63 99 98)
4(29 55 100 64)
4(63 64 100 99)
4(28 54 101 65)
4(64 65 101 100)
4(27 53 102 66)
4(65 66 102 101)
4(26 52 103 67)
4(66 67 103 102)
4(25 51 104 68)
4(67 68 104 103)
4(68 24 50 104)
4(60 96 105 69)
4(9 69 105 35)
4(61 97 106 70)
4(69 70 106 105)
4(62 98 107 71)
4(70 71 107 106)
4(63 99 108 72)
4(71 72 108 107)
4(64 100 109 73)
4(72 73 109 108)
4(65 101 110 74)
4(73 74 110 109)
4(66 102 111 75)
4(74 75 111 110)
4(67 103 112 76)
4(75 76 112 111)
4(68 104 113 77)
4(76 77 113 112)
4(77 23 49 113)
4(69 105 114 78)
4(10 78 114 36)
4(70 106 115 79)
4(78 79 115 114)
4(71 107 116 80)
4(79 80 116 115)
4(72 108 117 81)
4(80 81 117 116)
4(73 109 118 82)
4(81 82 118 117)
4(74 110 119 83)
4(82 83 119 118)
4(75 111 120 84)
4(83 84 120 119)
4(76 112 121 85)
4(84 85 121 120)
4(77 113 122 86)
4(85 86 122 121)
4(86 22 48 122)
4(78 114 123 87)
4(11 87 123 37)
4(79 115 124 88)
4(87 88 124 123)
4(80 116 125 89)
4(88 89 125 124)
4(81 117 126 90)
4(89 90 126 125)
4(82 118 127 91)
4(90 91 127 126)
4(83 119 128 92)
4(91 92 128 127)
4(84 120 129 93)
4(92 93 129 128)
4(85 121 130 94)
4(93 94 130 129)
4(86 122 131 95)
4(94 95 131 130)
4(95 21 47 131)
4(87 123 38 12)
4(88 124 39 13)
4(89 125 40 14)
4(90 126 41 15)
4(91 127 42 16)
4(92 128 43 17)
4(93 129 44 18)
4(94 130 45 19)
4(95 131 46 20)
4(0 33 60 8)
4(33 32 61 60)
4(32 31 62 61)
4(31 30 63 62)
4(30 29 64 63)
4(29 28 65 64)
4(28 27 66 65)
4(27 26 67 66)
4(26 25 68 67)
4(25 3 24 68)
4(8 60 69 9)
4(60 61 70 69)
4(61 62 71 70)
4(62 63 72 71)
4(63 64 73 72)
4(64 65 74 73)
4(65 66 75 74)
4(66 67 76 75)
4(67 68 77 76)
4(68 24 23 77)
4(9 69 78 10)
4(69 70 79 78)
4(70 71 80 79)
4(71 72 81 80)
4(72 73 82 81)
4(73 74 83 82)
4(74 75 84 83)
4(75 76 85 84)
4(76 77 86 85)
4(77 23 22 86)
4(10 78 87 11)
4(78 79 88 87)
4(79 80 89 88)
4(80 81 90 89)
4(81 82 91 90)
4(82 83 92 91)
4(83 84 93 92)
4(84 85 94 93)
4(85 86 95 94)
4(86 22 21 95)
4(11 87 12 1)
4(87 88 13 12)
4(88 89 14 13)
4(89 90 15 14)
4(90 91 16 15)
4(91 92 17 16)
4(92 93 18 17)
4(93 94 19 18)
4(94 95 20 19)
4(95 21 2 20)
4(0 8 34 4)
4(8 9 35 34)
4(9 10 36 35)
4(10 11 37 36)
4(11 1 5 37)
4(3 7 50 24)
4(24 50 49 23)
4(23 49 48 22)
4(22 48 47 21)
4(21 47 6 2)
4(0 4 59 33)
4(33 59 58 32)
4(32 58 57 31)
4(31 57 56 30)
4(30 56 55 29)
4(29 55 54 28)
4(28 54 53 27)
4(27 53 52 26)
4(26 52 51 25)
4(25 51 7 3)
4(4 34 96 59)
4(59 96 97 58)
4(58 97 98 57)
4(57 98 99 56)
4(56 99 100 55)
4(55 100 101 54)
4(54 101 102 53)
4(53 102 103 52)
4(52 103 104 51)
4(51 104 50 7)
4(34 35 105 96)
4(96 105 106 97)
4(97 106 107 98)
4(98 107 108 99)
4(99 108 109 100)
4(100 109 110 101)
4(101 110 111 102)
4(102 111 112 103)
4(103 112 113 104)
4(104 113 49 50)
4(35 36 114 105)
4(105 114 115 106)
4(106 115 116 107)
4(107 116 117 108)
4(108 117 118 109)
4(109 118 119 110)
4(110 119 120 111)
4(111 120 121 112)
4(112 121 122 113)
4(113 122 48 49)
4(36 37 123 114)
4(114 123 124 115)
4(115 124 125 116)
4(116 125 126 117)
4(117 126 127 118)
4(118 127 128 119)
4(119 128 129 120)
4(120 129 130 121)
4(121 130 131 122)
4(122 131 47 48)
4(37 5 38 123)
4(123 38 39 124)
4(124 39 40 125)
4(125 40 41 126)
4(126 41 42 127)
4(127 42 43 128)
4(128 43 44 129)
4(129 44 45 130)
4(130 45 46 131)
4(131 46 6 47)
4(1 12 38 5)
4(12 13 39 38)
4(13 14 40 39)
4(14 15 41 40)
4(15 16 42 41)
4(16 17 43 42)
4(17 18 44 43)
4(18 19 45 44)
4(19 20 46 45)
4(20 2 6 46)
)


// ************************************************************************* //
